image_width: 2048
image_height: 1536
camera_name: 23045887
camera_matrix:
  rows: 3
  cols: 3
  data: [1416.908920, 0.000000, 975.030282, 0.000000, 1413.871970, 775.666168, 0.000000, 0.000000, 1.000000]
distortion_model: plumb_bob
distortion_coefficients:
  rows: 1
  cols: 5
  data: [-0.010346, -0.020049, -0.001064, -0.005960, 0.000000]
rectification_matrix:
  rows: 3
  cols: 3
  data: [0.999950, -0.003055, -0.009499, 0.003042, 0.999994, -0.001354, 0.009503, 0.001325, 0.999954]
projection_matrix:
  rows: 3
  cols: 4
  data: [1452.073810, 0.000000, 1004.103874, -176.860602, 0.000000, 1452.073810, 784.713005, 0.000000, 0.000000, 0.000000, 1.000000, 0.000000]
