image_width: 2048
image_height: 1536
camera_name: 23045887
camera_matrix:
  rows: 3
  cols: 3
  data: [1752.049890, 0.000000, 1011.969324,
         0.000000, 1748.215114, 771.071232,
         0.000000, 0.000000, 1.000000]
distortion_model: plumb_bob
distortion_coefficients:
  rows: 1
  cols: 5
  data: [-0.138532, 0.081794, -0.000228, -0.000184, 0.000000]
rectification_matrix:
  rows: 3
  cols: 3
  data: [0.997032, 0.009367, 0.076416,
         -0.009542, 0.999953, 0.001927,
         -0.076394, -0.002651, 0.997074]
projection_matrix:
  rows: 3
  cols: 4
  data: [1764.435396, 0.000000, 845.268188, -216.815056,
         0.000000, 1764.435396, 772.923538, 0.000000,
         0.000000, 0.000000, 1.000000, 0.000000]

