image_width: 2048
image_height: 1536
camera_name: 23045884
camera_matrix:
  rows: 3
  cols: 3
  data: [1767.580819, 0.000000, 1052.554328,
         0.000000, 1767.748093, 772.234708,
         0.000000, 0.000000, 1.000000]
distortion_model: plumb_bob
distortion_coefficients:
  rows: 1
  cols: 5
  data: [-0.136762, 0.062391, 0.000163, -0.000501, 0.000000]
rectification_matrix:
  rows: 3
  cols: 3
  data: [0.996953, 0.010931, 0.077230,
         -0.010753, 0.999939, -0.002709,
         -0.077255, 0.001870, 0.997010]
projection_matrix:
  rows: 3
  cols: 4
  data: [1764.435396, 0.000000, 845.268188, 0.000000,
        0.000000, 1764.435396, 772.923538, 0.000000,
         0.000000, 0.000000, 1.000000, 0.000000]





