image_width: 2048
image_height: 1536
#camera_name: stereo_ch3/right
camera_name: 22416601
camera_matrix:
  rows: 3
  cols: 3
  data: [ 1428.43596,     0.     ,  1001.91053,
             0.     ,  1425.57999,   762.32388,
             0.     ,     0.     ,     1.     ]
distortion_model: plumb_bob
distortion_coefficients:
  rows: 1
  cols: 5
  data: [-0.010865, -0.014967, -0.001097, -0.001292, 0.000000]
rectification_matrix:
  rows: 3
  cols: 3
  data: [ 0.99997985, -0.00031106,  0.0063406 ,
          0.00030339,  0.99999922,  0.00121017,
         -0.00634097, -0.00120822,  0.99997917]
projection_matrix:
  rows: 3
  cols: 4
  data: [ 1469.28052,     0.     ,  1013.72123,  -179.77544,
             0.     ,  1469.28052,   760.41148,     0.     ,
             0.     ,     0.     ,     1.     ,     0.     ]
