image_width: 2048
image_height: 1536
# camera_name: stereo_ch3/right
camera_name: 22416601
camera_matrix:
  rows: 3
  cols: 3
  data: [1452.182389, 0.000000, 1003.352406, 0.000000, 1450.865390, 781.268170, 0.000000, 0.000000, 1.000000]
distortion_model: plumb_bob
distortion_coefficients:
  rows: 1
  cols: 5
  data: [0.015994, -0.003674, 0.000092, -0.000643, 0.000000]
rectification_matrix:
  rows: 3
  cols: 3
  data: [0.996250, -0.041190, -0.076082, 0.042810, 0.998887, 0.019796, 0.075182, -0.022979, 0.996905]
projection_matrix:
  rows: 3
  cols: 4
  data: [1717.155533, 0.000000, 1112.444160, -199.952345, 0.000000, 1717.155533, 779.808350, 0.000000, 0.000000, 0.000000, 1.000000, 0.000000]