#Calibration Bo + Eric. Really good
image_width: 2048
image_height: 1536
#camera_name: stereo_ch3/left
camera_name: 22416604
camera_matrix:
  rows: 3
  cols: 3
  data: [ 1433.86998,     0.     ,  1055.3683 ,
             0.     ,  1429.73555,   763.15857,
             0.     ,     0.     ,     1.     ]
distortion_model: plumb_bob
distortion_coefficients:
  rows: 1
  cols: 5
  data: [-0.008566, -0.007928, -0.000858, 0.002406, 0.000000]
rectification_matrix:
  rows: 3
  cols: 3
  data: [ 0.99993223,  0.00788033,  0.00856935,
         -0.00786996,  0.99996826, -0.00124294,
         -0.00857887,  0.00117542,  0.99996251]
projection_matrix:
  rows: 3
  cols: 4
  data: [ 1469.28052,     0.     ,  1013.72123,     0.     ,
             0.     ,  1469.28052,   760.41148,     0.     ,
             0.     ,     0.     ,     1.     ,     0.     ]
