image_width: 2048
image_height: 1536
# camera_name: stereo_ch3/left
camera_name: 22416604
camera_matrix:
  rows: 3
  cols: 3
  data: [1452.413264, 0.000000, 1049.848859, 0.000000, 1449.979247, 779.076218, 0.000000, 0.000000, 1.000000]
distortion_model: plumb_bob
distortion_coefficients:
  rows: 1
  cols: 5
  data: [0.020364, -0.015011, -0.001042, 0.001498, 0.000000]
rectification_matrix:
  rows: 3
  cols: 3
  data: [0.998750, 0.049928, -0.002387, -0.049968, 0.998523, -0.021355, 0.001317, 0.021448, 0.999769]
projection_matrix:
  rows: 3
  cols: 4
  data: [1717.155533, 0.000000, 1112.444160, 0.000000, 0.000000, 1717.155533, 779.808350, 0.000000, 0.000000, 0.000000, 1.000000, 0.000000]