#calib pool original. Reflex but really good.
image_width: 2048
image_height: 1536
# camera_name: stereo_ch3/left
camera_name: 22416604
camera_matrix:
  rows: 3
  cols: 3
  data: [1424.596058, 0.000000, 1032.728714, 0.000000, 1421.273877, 794.445806, 0.000000, 0.000000, 1.000000]
distortion_model: plumb_bob
distortion_coefficients:
  rows: 1
  cols: 5
  data: [-0.017938, -0.004712, 0.000472, -0.001265, 0.000000]
rectification_matrix:
  rows: 3
  cols: 3
  data: [0.999987, 0.004594, -0.002058, -0.004592, 0.999989, 0.001344,  0.002064, -0.001335, 0.999997]
projection_matrix:
  rows: 3
  cols: 4
  data: [1452.073810, 0.000000, 1004.103874, 0.000000, 0.000000, 1452.073810, 784.713005, 0.000000, 0.000000, 0.000000, 1.000000, 0.000000]
